2 0.057813 0.225000 0.112500 0.200000
2 0.166406 0.226042 0.104688 0.202083
4 0.264062 0.223958 0.100000 0.206250
4 0.360938 0.226042 0.100000 0.206250
5 0.472656 0.234375 0.098437 0.193750
5 0.571875 0.235417 0.096875 0.195833
7 0.672656 0.229167 0.095312 0.212500
7 0.774219 0.229167 0.101562 0.216667
19 0.875000 0.193750 0.090625 0.154167
23 0.068750 0.455208 0.103125 0.164583
23 0.166406 0.457292 0.098437 0.160417
10 0.363281 0.459375 0.092188 0.160417
10 0.257031 0.446875 0.082812 0.152083
26 0.457813 0.452083 0.093750 0.175000
26 0.555469 0.454167 0.092188 0.183333
8 0.654687 0.463542 0.093750 0.172917
8 0.754687 0.464583 0.096875 0.170833
18 0.856250 0.453125 0.090625 0.143750
20 0.251563 0.645833 0.093750 0.150000
20 0.344531 0.646875 0.095312 0.156250
0 0.437500 0.644792 0.090625 0.147917
0 0.526563 0.645833 0.087500 0.141667
11 0.616406 0.653125 0.085938 0.152083
11 0.713281 0.655208 0.092188 0.152083
12 0.258594 0.860417 0.095312 0.141667
13 0.157812 0.844792 0.096875 0.156250
1 0.807031 0.653125 0.085938 0.143750
3 0.438281 0.854167 0.092188 0.170833
3 0.527344 0.857292 0.089063 0.172917
14 0.620313 0.854167 0.090625 0.162500
14 0.708594 0.855208 0.085938 0.160417
15 0.801562 0.865625 0.090625 0.147917
