2 0.125000 0.245833 0.096875 0.175000
4 0.224219 0.275000 0.101562 0.200000
4 0.317969 0.275000 0.098437 0.200000
5 0.418750 0.281250 0.093750 0.187500
5 0.514844 0.283333 0.095312 0.187500
16 0.846875 0.072917 0.096875 0.141667
16 0.750000 0.069792 0.093750 0.135417
17 0.650000 0.069792 0.096875 0.135417
17 0.552344 0.069792 0.095312 0.135417
22 0.450000 0.066667 0.100000 0.129167
22 0.348438 0.066667 0.096875 0.129167
21 0.250000 0.066667 0.106250 0.129167
21 0.152344 0.066667 0.101562 0.129167
7 0.617188 0.294792 0.096875 0.168750
7 0.725000 0.294792 0.093750 0.168750
19 0.835938 0.273958 0.090625 0.143750
23 0.096875 0.493750 0.106250 0.162500
10 0.196875 0.493750 0.093750 0.158333
10 0.289844 0.501042 0.095312 0.160417
26 0.385156 0.493750 0.095312 0.175000
26 0.491406 0.494792 0.092188 0.172917
8 0.583594 0.501042 0.092188 0.172917
8 0.678906 0.501042 0.092188 0.164583
18 0.791406 0.492708 0.089063 0.135417
23 0.121875 0.683333 0.093750 0.154167
23 0.040625 0.684375 0.078125 0.147917
20 0.211719 0.684375 0.092188 0.152083
20 0.303906 0.683333 0.095312 0.150000
0 0.397656 0.684375 0.089063 0.143750
0 0.487500 0.679167 0.090625 0.154167
11 0.575781 0.686458 0.089063 0.147917
11 0.665625 0.686458 0.090625 0.152083
1 0.758594 0.690625 0.092188 0.147917
13 0.045312 0.873958 0.087500 0.143750
13 0.130469 0.872917 0.092188 0.158333
12 0.217188 0.884375 0.090625 0.131250
12 0.307031 0.888542 0.089063 0.135417
3 0.392969 0.885417 0.089063 0.162500
3 0.480469 0.884375 0.089063 0.160417
3 0.567187 0.882292 0.084375 0.156250
14 0.714063 0.880208 0.084375 0.156250
15 0.802344 0.882292 0.089063 0.147917
