2 0.208594 0.237500 0.079687 0.154167
2 0.293750 0.235417 0.090625 0.158333
4 0.385156 0.255208 0.095312 0.193750
4 0.474219 0.253125 0.095312 0.197917
5 0.567969 0.254167 0.098437 0.187500
5 0.663281 0.253125 0.095312 0.185417
7 0.770312 0.240625 0.096875 0.202083
7 0.883594 0.238542 0.095312 0.206250
23 0.183594 0.471875 0.095312 0.152083
23 0.268750 0.471875 0.093750 0.147917
23 0.205469 0.643750 0.089063 0.137500
23 0.288281 0.643750 0.079687 0.141667
20 0.369531 0.646875 0.082812 0.143750
20 0.454688 0.648958 0.087500 0.147917
10 0.356250 0.470833 0.087500 0.150000
10 0.442969 0.470833 0.092188 0.150000
26 0.532813 0.464583 0.090625 0.170833
26 0.635938 0.463542 0.093750 0.168750
8 0.732812 0.469792 0.096875 0.168750
8 0.835156 0.470833 0.095312 0.170833
0 0.543750 0.653125 0.087500 0.143750
0 0.631250 0.655208 0.087500 0.143750
11 0.723437 0.655208 0.090625 0.147917
11 0.817969 0.661458 0.092188 0.156250
1 0.918750 0.661458 0.093750 0.160417
2 0.054688 0.811458 0.090625 0.152083
2 0.129688 0.816667 0.090625 0.150000
13 0.209375 0.817708 0.087500 0.152083
13 0.287500 0.823958 0.087500 0.147917
12 0.371094 0.840625 0.085938 0.127083
3 0.539844 0.842708 0.089063 0.160417
3 0.626563 0.854167 0.093750 0.162500
3 0.718750 0.855208 0.090625 0.164583
14 0.868750 0.858333 0.087500 0.158333
15 0.957031 0.872917 0.085938 0.145833
