21 0.085156 0.068750 0.110937 0.133333
21 0.185938 0.070833 0.109375 0.137500
22 0.290625 0.068750 0.106250 0.133333
22 0.396875 0.068750 0.103125 0.133333
17 0.504687 0.070833 0.103125 0.137500
17 0.610156 0.072917 0.107813 0.141667
16 0.720313 0.070833 0.109375 0.137500
16 0.828125 0.071875 0.109375 0.139583
2 0.055469 0.259375 0.107813 0.177083
4 0.160156 0.285417 0.107813 0.212500
4 0.260156 0.286458 0.110937 0.214583
5 0.368750 0.292708 0.106250 0.193750
5 0.469531 0.294792 0.101562 0.193750
7 0.576562 0.285417 0.100000 0.216667
7 0.693750 0.283333 0.100000 0.216667
19 0.813281 0.283333 0.095312 0.154167
10 0.139844 0.517708 0.085938 0.164583
10 0.235156 0.520833 0.092188 0.166667
26 0.337500 0.516667 0.096875 0.175000
26 0.447656 0.514583 0.095312 0.183333
8 0.546875 0.521875 0.100000 0.177083
8 0.646094 0.523958 0.095312 0.172917
18 0.756250 0.509375 0.090625 0.143750
23 0.042188 0.525000 0.081250 0.170833
23 0.058594 0.709375 0.098437 0.164583
20 0.154688 0.707292 0.093750 0.160417
20 0.252344 0.713542 0.101562 0.152083
0 0.350781 0.713542 0.095312 0.147917
0 0.443750 0.712500 0.093750 0.150000
11 0.537500 0.716667 0.093750 0.154167
11 0.632812 0.715625 0.093750 0.156250
1 0.728906 0.719792 0.095312 0.152083
12 0.168750 0.920833 0.090625 0.137500
3 0.347656 0.920833 0.095312 0.158333
3 0.439063 0.922917 0.093750 0.154167
3 0.530469 0.920833 0.089063 0.158333
14 0.680469 0.906250 0.085938 0.141667
15 0.769531 0.907292 0.092188 0.143750
